0.020	 2.466e-08	 2.074e-08	 9.607e-11
  0.050	 6.009e-08	 5.076e-08	 2.092e-10
  0.080	 9.202e-08	 7.749e-08	 4.027e-10
  0.110	 1.180e-07	 9.991e-08	 3.378e-10
  0.140	 1.382e-07	 1.166e-07	 4.322e-10
  0.170	 1.506e-07	 1.276e-07	 4.504e-10
  0.200	 1.559e-07	 1.316e-07	 4.299e-10
  0.230	 1.546e-07	 1.302e-07	 1.146e-09
  0.260	 1.470e-07	 1.247e-07	 8.569e-10
  0.290	 1.356e-07	 1.156e-07	 9.543e-10
  0.320	 1.209e-07	 1.032e-07	 4.434e-10
  0.350	 1.050e-07	 8.954e-08	 2.489e-10
  0.380	 8.829e-08	 7.571e-08	 2.061e-10
  0.410	 7.250e-08	 6.203e-08	 2.509e-10
  0.440	 5.777e-08	 4.966e-08	 1.325e-10
  0.470	 4.457e-08	 3.874e-08	 1.976e-10
  