0.020	 1.504e-07	 1.266e-07	 1.221e-09
  0.050	 3.672e-07	 3.103e-07	 1.293e-09
  0.080	 5.642e-07	 4.784e-07	 2.638e-09
  0.110	 7.302e-07	 6.211e-07	 3.582e-09
  0.140	 8.636e-07	 7.346e-07	 5.971e-09
  0.170	 9.583e-07	 8.165e-07	 4.556e-09
  0.200	 1.005e-06	 8.594e-07	 4.408e-09
  0.230	 1.014e-06	 8.705e-07	 6.071e-09
  0.260	 9.897e-07	 8.515e-07	 5.458e-09
  0.290	 9.322e-07	 8.110e-07	 3.225e-09
  0.320	 8.557e-07	 7.477e-07	 3.581e-09
  0.350	 7.603e-07	 6.722e-07	 3.655e-09
  0.380	 6.628e-07	 5.904e-07	 3.690e-09
  0.410	 5.625e-07	 5.075e-07	 2.400e-09
  0.440	 4.666e-07	 4.244e-07	 2.472e-09
  0.470	 3.770e-07	 3.496e-07	 1.702e-09
  