0.020	 1.186e-08	 8.732e-09	 4.230e-11
  0.050	 2.515e-08	 1.854e-08	 1.120e-10
  0.080	 2.985e-08	 2.222e-08	 1.132e-10
  0.110	 2.644e-08	 2.000e-08	 8.702e-11
  0.140	 1.884e-08	 1.464e-08	 1.034e-10
  0.170	 1.119e-08	 9.028e-09	 6.463e-11
  0.200	 5.607e-09	 4.806e-09	 3.211e-11
  0.230	 2.380e-09	 2.275e-09	 1.113e-11
  0.260	 8.631e-10	 9.998e-10	 9.053e-12
  0.290	 2.713e-10	 4.413e-10	 7.131e-13
  0.320	 7.309e-11	 2.160e-10	 7.328e-13
  0.350	 1.696e-11	 1.248e-10	 4.302e-13
  0.380	 3.402e-12	 8.287e-11	 2.240e-13
  0.410	 5.918e-13	 6.035e-11	 1.354e-13
  0.440	 8.868e-14	 4.575e-11	 2.075e-13
  0.470	 1.157e-14	 3.578e-11	 1.395e-13
  