0.010	 5.582e-08	 4.067e-08	 1.076e-10
  0.040	 1.893e-07	 1.386e-07	 6.072e-10
  0.070	 2.286e-07	 1.706e-07	 1.494e-09
  0.100	 1.859e-07	 1.418e-07	 9.867e-10
  0.130	 1.123e-07	 8.869e-08	 5.406e-10
  0.160	 5.252e-08	 4.451e-08	 4.082e-10
  0.190	 1.932e-08	 1.872e-08	 1.858e-10
  0.220	 5.670e-09	 7.109e-09	 2.794e-11
  0.250	 1.330e-09	 2.830e-09	 1.056e-11
  0.280	 2.472e-10	 1.368e-09	 5.145e-12
  0.310	 3.670e-11	 8.191e-10	 3.981e-12
  0.340	 4.305e-12	 5.614e-10	 4.293e-12
  0.370	 3.961e-13	 4.067e-10	 2.158e-12
  0.400	 2.700e-14	 3.053e-10	 1.730e-12
  0.430	 1.246e-15	 2.345e-10	 1.669e-12
  0.460	 2.173e-17	 1.839e-10	 1.637e-12
  0.490	 -2.142e-18	 1.462e-10	 4.458e-13
  