0.020	 1.079e-07	 7.876e-08	 3.960e-10
  0.050	 2.137e-07	 1.580e-07	 9.028e-10
  0.080	 2.216e-07	 1.659e-07	 1.218e-09
  0.110	 1.617e-07	 1.245e-07	 8.642e-10
  0.140	 8.979e-08	 7.238e-08	 3.865e-10
  0.170	 3.880e-08	 3.390e-08	 1.604e-10
  0.200	 1.322e-08	 1.363e-08	 1.116e-10
  0.230	 3.591e-09	 5.170e-09	 1.428e-11
  0.260	 7.752e-10	 2.169e-09	 5.085e-12
  0.290	 1.347e-10	 1.133e-09	 5.019e-12
  0.320	 1.850e-11	 7.161e-10	 3.845e-12
  0.350	 2.011e-12	 5.005e-10	 1.768e-12
  0.380	 1.673e-13	 3.696e-10	 1.980e-12
  0.410	 1.022e-14	 2.800e-10	 1.036e-12
  0.440	 3.883e-16	 2.163e-10	 9.598e-13
  0.470	 5.341e-19	 1.699e-10	 6.430e-13
  